1 2.17415  -47.3181
101 2.0178  -47.9315
201 1.8699  -48.1979
301 1.79727  -48.3887
401 1.74494  -48.468
501 1.76578  -48.5595
601 1.74726  -48.5359
701 1.73912  -48.5935
801 1.75593  -48.6638
901 1.75306  -48.7285
1001 1.75405  -48.82
1101 1.75881  -48.9333
1201 1.74628  -48.9603
1301 1.74461  -48.9768
1401 1.7826  -48.9995
1501 1.77258  -48.9843
1601 1.77194  -49.0812
1701 1.77363  -49.0886
1801 1.77622  -49.0706
1901 1.78162  -49.0622
2001 1.76553  -49.0773
2101 1.75786  -49.1022
2201 1.79767  -49.1153
2301 1.75238  -49.1033
2401 1.76479  -49.1032
2501 1.76627  -49.0916
2601 1.76029  -49.0837
2701 1.76701  -49.0872
2801 1.81143  -49.1188
2901 1.78426  -49.1177
3001 1.77149  -49.1248
3101 1.77249  -49.1446
3201 1.77062  -49.14
3301 1.77714  -49.1508
3401 1.77015  -49.2006
3501 1.79276  -49.2615
3601 1.79493  -49.2297
3701 1.76181  -49.2175
3801 1.76912  -49.2242
3901 1.75349  -49.2104
4001 1.76326  -49.1953
4101 1.78437  -49.1774
4201 1.78929  -49.2137
4301 1.80879  -49.2066
4401 1.7912  -49.1993
4501 1.79872  -49.2059
4601 1.80113  -49.2233
4701 1.78564  -49.1846
4801 1.80115  -49.197
4901 1.78208  -49.1848
5001 1.78158  -49.2062
5101 1.77561  -49.2081
5201 1.77039  -49.1927
5301 1.74105  -49.211
5401 1.75351  -49.2223
5501 1.77168  -49.2026
5601 1.78236  -49.1897
5701 1.75529  -49.2306
5801 1.77211  -49.2466
5901 1.81156  -49.2616
6001 1.80523  -49.2818
6101 1.78763  -49.2167
6201 1.76762  -49.236
6301 1.79529  -49.2529
6401 1.80602  -49.2299
6501 1.79908  -49.2164
6601 1.80377  -49.2301
6701 1.82796  -49.2324
6801 1.83411  -49.2555
6901 1.8161  -49.2284
7001 1.82783  -49.2502
7101 1.8071  -49.2485
7201 1.80668  -49.2549
7301 1.80716  -49.2619
7401 1.81495  -49.2636
7501 1.79316  -49.287
7601 1.79674  -49.2801
7701 1.78558  -49.2459
7801 1.79596  -49.2533
7901 1.75665  -49.2332
8001 1.77578  -49.2369
8101 1.79658  -49.2327
8201 1.79818  -49.231
8301 1.81146  -49.2565
8401 1.77932  -49.2404
8501 1.78885  -49.2779
8601 1.77801  -49.2561
8701 1.79341  -49.2581
8801 1.80954  -49.2328
8901 1.81424  -49.2181
9001 1.81482  -49.2076
9101 1.80554  -49.1883
9201 1.79045  -49.1879
9301 1.77702  -49.1786
9401 1.80047  -49.184
9501 1.78668  -49.1782
9601 1.80559  -49.2128
9701 1.80649  -49.2097
9801 1.79492  -49.2076
9901 1.77769  -49.1733
10001 1.78041  -49.1539
10101 1.77885  -49.1485
10201 1.80099  -49.1549
10301 1.81109  -49.2148
10401 1.78367  -49.2113
10501 1.77914  -49.194
10601 1.78323  -49.197
10701 1.81503  -49.2393
10801 1.80651  -49.2432
10901 1.82646  -49.2594
11001 1.83701  -49.2579
11101 1.81407  -49.2819
11201 1.8139  -49.2738
11301 1.81859  -49.281
11401 1.83341  -49.2902
11501 1.81701  -49.2909
11601 1.82181  -49.3072
11701 1.80218  -49.2832
11801 1.77424  -49.2939
11901 1.77715  -49.2925
12001 1.77316  -49.2726
12101 1.79541  -49.2888
12201 1.79932  -49.2783
12301 1.79197  -49.2888
12401 1.80905  -49.2367
12501 1.78594  -49.2273
12601 1.77329  -49.1973
12701 1.78732  -49.1787
12801 1.79802  -49.1935
12901 1.77737  -49.154
13001 1.77565  -49.1622
13101 1.78333  -49.208
13201 1.82298  -49.227
13301 1.81341  -49.2335
13401 1.81052  -49.2796
13501 1.78602  -49.3242
13601 1.79097  -49.3399
13701 1.77927  -49.3225
13801 1.81094  -49.3717
13901 1.78834  -49.3539
14001 1.76585  -49.3306
14101 1.76441  -49.3226
14201 1.77782  -49.3237
14301 1.77549  -49.3265
14401 1.80743  -49.2811
14501 1.77819  -49.2959
14601 1.75815  -49.2667
14701 1.80569  -49.2324
14801 1.80981  -49.293
14901 1.80481  -49.2676
15001 1.80551  -49.2791
15101 1.82925  -49.2914
15201 1.79495  -49.3088
15301 1.77999  -49.3371
15401 1.76026  -49.2837
15501 1.76306  -49.2908
15601 1.78306  -49.2783
15701 1.78976  -49.2736
15801 1.77887  -49.2801
15901 1.78483  -49.3159
16001 1.78788  -49.338
16101 1.78412  -49.3047
16201 1.80507  -49.2872
16301 1.79907  -49.3135
16401 1.78959  -49.3607
16501 1.79272  -49.4155
16601 1.82196  -49.4351
16701 1.79694  -49.4416
16801 1.80499  -49.4742
16901 1.80584  -49.4741
17001 1.8017  -49.4815
17101 1.80129  -49.4375
17201 1.79965  -49.4179
17301 1.81662  -49.4196
17401 1.82708  -49.4311
17501 1.78846  -49.399
17601 1.80391  -49.4257
17701 1.80523  -49.4937
17801 1.83472  -49.4855
17901 1.83138  -49.4665
18001 1.80605  -49.4612
18101 1.82139  -49.5029
18201 1.82192  -49.5067
18301 1.84258  -49.5279
18401 1.83703  -49.4981
18501 1.83111  -49.4785
18601 1.85263  -49.5067
18701 1.83932  -49.4906
18801 1.85164  -49.4828
18901 1.87831  -49.5287
19001 1.85803  -49.5168
19101 1.85456  -49.5069
19201 1.85923  -49.4949
19301 1.87384  -49.4854
19401 1.867  -49.4887
19501 1.85227  -49.5228
19601 1.87623  -49.5553
19701 1.87241  -49.5852
19801 1.84918  -49.6129
19901 1.83916  -49.5918
20001 1.84497  -49.5854
20101 1.86168  -49.622
20201 1.85483  -49.6374
20301 1.86478  -49.6524
20401 1.84822  -49.6647
20501 1.84626  -49.6507
20601 1.84755  -49.6566
20701 1.83344  -49.6598
20801 1.86439  -49.6716
20901 1.84547  -49.6598
21001 1.83884  -49.6661
21101 1.84012  -49.6423
21201 1.86191  -49.6114
21301 1.8725  -49.6414
21401 1.87157  -49.6324
21501 1.8578  -49.6473
21601 1.86075  -49.6645
21701 1.8553  -49.6587
21801 1.88353  -49.6908
21901 1.83657  -49.6958
22001 1.86487  -49.7382
22101 1.86571  -49.7324
22201 1.90706  -49.7478
22301 1.86615  -49.7585
22401 1.85505  -49.7581
22501 1.8754  -49.756
22601 1.85966  -49.7342
22701 1.87805  -49.7476
22801 1.85292  -49.7249
22901 1.88208  -49.7285
23001 1.86047  -49.6932
23101 1.86184  -49.7209
23201 1.84786  -49.7198
23301 1.87164  -49.7357
23401 1.88633  -49.7613
23501 1.89491  -49.7101
23601 1.89032  -49.7014
23701 1.89547  -49.7253
23801 1.89167  -49.7347
23901 1.86443  -49.7284
24001 1.87274  -49.7042
24101 1.86219  -49.7037
24201 1.86718  -49.6977
24301 1.89682  -49.7778
24401 1.89893  -49.815
24501 1.91405  -49.8273
24601 1.90757  -49.8629
24701 1.90689  -49.8704
24801 1.88986  -49.8606
24901 1.89298  -49.889
25001 1.89871  -49.9128
25101 1.9127  -49.9281
25201 1.92929  -49.9529
25301 1.93207  -49.9552
25401 1.89367  -49.9704
25501 1.89026  -49.9948
25601 1.88613  -49.9923
25701 1.90229  -50.0079
25801 1.90715  -49.9988
25901 1.87466  -49.9863
26001 1.9047  -49.9934
26101 1.91542  -49.983
26201 1.89489  -49.9651
26301 1.90852  -49.9647
26401 1.91477  -49.9847
26501 1.90842  -50.0029
26601 1.89827  -50.0392
26701 1.90563  -50.0305
26801 1.90864  -50.0574
26901 1.90287  -50.0642
27001 1.90307  -50.0566
27101 1.8764  -50.0461
27201 1.90996  -50.0668
27301 1.92132  -50.0369
27401 1.90641  -50.0528
27501 1.91029  -50.0362
27601 1.88588  -50.0342
27701 1.89853  -50.0388
27801 1.91178  -50.065
27901 1.90447  -50.0766
28001 1.91255  -50.0946
28101 1.90105  -50.134
28201 1.89678  -50.129
28301 1.92162  -50.1533
28401 1.92297  -50.1368
28501 1.90168  -50.1332
28601 1.89757  -50.1486
28701 1.90382  -50.16
28801 1.91814  -50.2233
28901 1.92044  -50.2359
29001 1.91133  -50.2618
29101 1.91956  -50.2664
29201 1.92269  -50.2516
29301 1.91468  -50.23
29401 1.918  -50.2314
29501 1.90313  -50.2224
29601 1.90639  -50.2103
29701 1.89712  -50.2188
29801 1.91925  -50.2204
29901 1.9114  -50.2033
30001 1.89776  -50.2538
30101 1.88657  -50.251
30201 1.92323  -50.2915
30301 1.90777  -50.3047
30401 1.91956  -50.3375
30501 1.9401  -50.3229
30601 1.92784  -50.3195
30701 1.90454  -50.2883
30801 1.95122  -50.2934
30901 1.90036  -50.2814
31001 1.9071  -50.2438
31101 1.90841  -50.2244
31201 1.93573  -50.2382
31301 1.93973  -50.2733
31401 1.93357  -50.3011
31501 1.94697  -50.2922
31601 1.94468  -50.3161
31701 1.94967  -50.2807
31801 1.93978  -50.3001
31901 1.93456  -50.2487
32001 1.92231  -50.2557
32101 1.92887  -50.2757
32201 1.92543  -50.2768
32301 1.94368  -50.2879
32401 1.9924  -50.2941
32501 1.98929  -50.2754
32601 1.95053  -50.2838
32701 1.94983  -50.3229
32801 1.94258  -50.331
32901 1.95763  -50.3521
33001 1.95848  -50.3736
33101 2.00123  -50.3907
33201 2.02327  -50.3955
33301 1.9579  -50.3688
33401 2.00059  -50.4175
33501 1.98618  -50.4275
33601 1.96513  -50.4098
33701 1.9904  -50.4446
33801 1.96138  -50.4541
33901 1.95989  -50.4797
34001 1.95532  -50.4617
34101 1.98161  -50.4885
34201 1.96267  -50.4456
34301 1.96526  -50.4704
34401 1.94376  -50.4744
34501 1.95205  -50.47
34601 2.00159  -50.4879
34701 1.99308  -50.5292
34801 2.00914  -50.5251
34901 1.99121  -50.5537
35001 2.01797  -50.5796
35101 2.00077  -50.6207
35201 1.97272  -50.6114
35301 2.00387  -50.5797
35401 1.97277  -50.5891
35501 1.97012  -50.6171
35601 1.99304  -50.6337
35701 2.01086  -50.6355
35801 1.9878  -50.6231
35901 1.98602  -50.6242
36001 2.0127  -50.6588
36101 1.97369  -50.6528
36201 1.98402  -50.6689
36301 1.97662  -50.6752
36401 1.99849  -50.6846
36501 1.97931  -50.6532
36601 1.98519  -50.6078
36701 2.0135  -50.5926
36801 1.97039  -50.5805
36901 1.98449  -50.5952
37001 1.99886  -50.5824
37101 2.01012  -50.579
37201 1.9853  -50.5736
37301 1.9809  -50.6251
37401 1.98466  -50.6144
37501 1.95294  -50.6361
37601 1.98245  -50.6442
37701 1.97265  -50.6129
37801 2.0034  -50.6128
37901 1.9732  -50.6303
38001 1.96805  -50.637
38101 1.96277  -50.6381
38201 1.96479  -50.6839
38301 1.96956  -50.6804
38401 1.97484  -50.6945
38501 1.99808  -50.7247
38601 1.98781  -50.7219
38701 1.97024  -50.7222
38801 2.01591  -50.7211
38901 2.01024  -50.7299
39001 1.99654  -50.7095
39101 1.99338  -50.757
39201 2.01888  -50.7414
39301 2.02482  -50.7623
39401 1.99145  -50.7579
39501 1.98853  -50.8109
39601 2.00714  -50.8316
39701 2.00217  -50.8048
39801 1.99236  -50.8585
39901 1.97925  -50.8065
40001 2.01342  -50.7945
40101 2.02443  -50.7594
40201 2.00957  -50.7621
40301 1.98199  -50.7373
40401 2.00805  -50.7542
40501 2.01669  -50.7775
40601 2.0152  -50.8318
40701 2.04122  -50.8115
40801 2.01581  -50.8453
40901 2.04512  -50.8437
41001 2.03199  -50.8373
41101 2.02029  -50.8576
41201 2.00899  -50.8497
41301 1.96755  -50.8578
41401 1.97687  -50.8671
41501 1.98348  -50.8875
41601 1.97371  -50.8662
41701 1.99549  -50.9173
41801 1.98897  -50.9054
41901 1.96329  -50.8915
42001 2.00277  -50.8913
42101 2.00655  -50.8809
42201 2.01948  -50.8987
42301 1.99244  -50.9353
42401 1.98889  -50.9422
42501 1.97394  -50.9512
42601 1.97209  -50.9965
42701 1.95315  -50.9441
42801 2.01337  -50.9864
42901 1.9842  -50.9807
43001 1.97316  -50.969
43101 1.99103  -50.9909
43201 1.982  -51.0298
43301 1.98767  -51.0358
43401 1.99213  -51.0579
43501 2.03072  -51.0893
43601 2.00588  -51.1018
43701 1.99097  -51.1416
43801 2.04185  -51.1818
43901 1.99243  -51.171
44001 2.03335  -51.1844
44101 2.03769  -51.1658
44201 2.05888  -51.1619
44301 2.0407  -51.1565
44401 2.03707  -51.2162
44501 2.01465  -51.2631
44601 2.02276  -51.2737
44701 2.02487  -51.258
44801 2.05242  -51.2445
44901 2.02596  -51.2388
45001 2.01477  -51.2287
45101 2.01116  -51.2583
45201 2.02737  -51.2644
45301 2.03942  -51.3023
45401 2.03901  -51.3166
45501 2.02621  -51.3165
45601 2.03424  -51.344
45701 2.04264  -51.3415
45801 2.0124  -51.3288
45901 2.02175  -51.3104
46001 1.99399  -51.3166
46101 2.01415  -51.3182
46201 1.99293  -51.3409
46301 2.01032  -51.3665
46401 2.01082  -51.3914
46501 2.03145  -51.4308
46601 2.02142  -51.437
46701 2.03693  -51.4511
46801 2.0032  -51.4346
46901 2.02293  -51.422
47001 2.03224  -51.416
47101 2.03997  -51.428
47201 2.04983  -51.4137
47301 2.03199  -51.4
47401 2.02943  -51.4007
47501 2.04444  -51.4129
47601 2.0204  -51.4469
47701 2.04899  -51.4797
47801 2.03826  -51.4803
47901 2.05404  -51.5093
48001 2.01141  -51.4822
48101 2.03259  -51.5438
48201 2.0505  -51.5424
48301 2.07291  -51.5304
48401 2.05451  -51.5162
48501 2.07059  -51.5181
48601 2.03287  -51.5257
48701 2.06204  -51.5578
48801 2.02095  -51.5369
48901 2.0532  -51.5298
49001 2.0521  -51.5215
49101 2.05431  -51.536
49201 2.02967  -51.5748
49301 2.01104  -51.5462
49401 1.99656  -51.5664
49501 2.04105  -51.5977
49601 2.02597  -51.6282
49701 1.99513  -51.6546
49801 2.05612  -51.6564
49901 2.02468  -51.6377
50001 2.07371  -51.6472
50101 2.06278  -51.6208
50201 2.02012  -51.6314
50301 2.04117  -51.6584
50401 2.0478  -51.6659
50501 2.00973  -51.6278
50601 2.05953  -51.621
50701 2.05308  -51.6317
50801 2.06907  -51.6621
50901 2.02881  -51.6415
51001 2.05235  -51.6551
51101 2.03484  -51.6503
51201 2.03238  -51.6875
51301 2.03676  -51.7338
51401 2.03588  -51.7414
51501 2.06887  -51.7611
51601 2.04386  -51.7566
51701 2.06162  -51.7856
51801 2.04108  -51.7636
51901 2.07144  -51.7835
52001 2.08357  -51.7865
52101 2.08373  -51.7974
52201 2.12225  -51.8104
52301 2.11749  -51.8117
52401 2.09433  -51.8152
52501 2.08355  -51.8302
52601 2.0675  -51.8225
52701 2.0646  -51.8238
52801 2.09452  -51.8826
52901 2.06182  -51.8829
53001 2.06346  -51.8966
53101 2.0631  -51.894
53201 2.08422  -51.9055
53301 2.08136  -51.8586
53401 2.07512  -51.8852
53501 2.06969  -51.9022
53601 2.07822  -51.9253
53701 2.07587  -51.8985
53801 2.07415  -51.8931
53901 2.09982  -51.9162
54001 2.08014  -51.9305
54101 2.09333  -51.8808
54201 2.10986  -51.8737
54301 2.0847  -51.897
54401 2.09796  -51.9185
54501 2.08329  -51.9318
54601 2.10204  -51.9336
54701 2.09398  -51.9646
54801 2.06785  -51.9639
54901 2.06945  -51.9476
55001 2.10684  -51.9997
55101 2.10418  -52.0344
55201 2.08849  -52.0522
55301 2.11995  -52.017
55401 2.13408  -52.0299
55501 2.11891  -52.0047
55601 2.09873  -52.0238
55701 2.09162  -52.0029
55801 2.10389  -52.0375
55901 2.12738  -52.0811
56001 2.1174  -52.0756
56101 2.15119  -52.0987
56201 2.1267  -52.0701
56301 2.09741  -52.0961
56401 2.15509  -52.1385
56501 2.166  -52.105
56601 2.15174  -52.0968
56701 2.13697  -52.0846
56801 2.13312  -52.0949
56901 2.15392  -52.1506
57001 2.16939  -52.1324
57101 2.13205  -52.1502
57201 2.13783  -52.1333
57301 2.18858  -52.1746
57401 2.12262  -52.2177
57501 2.15377  -52.2365
57601 2.12535  -52.2592
57701 2.1319  -52.2625
57801 2.09644  -52.2738
57901 2.16561  -52.319
58001 2.12175  -52.2707
58101 2.14381  -52.3127
58201 2.14375  -52.2939
58301 2.12701  -52.2816
58401 2.11809  -52.2832
58501 2.12385  -52.3106
58601 2.11706  -52.3118
58701 2.10721  -52.3057
58801 2.16287  -52.3087
58901 2.15209  -52.3274
59001 2.13892  -52.3319
59101 2.145  -52.3337
59201 2.11778  -52.332
59301 2.133  -52.3806
59401 2.15155  -52.4031
59501 2.17456  -52.4421
59601 2.16714  -52.4037
59701 2.16161  -52.3788
59801 2.17934  -52.3424
59901 2.16019  -52.3878
60001 2.16729  -52.3893
60101 2.15808  -52.3848
60201 2.17691  -52.4188
60301 2.17918  -52.4373
60401 2.15595  -52.4083
60501 2.14527  -52.4064
60601 2.18738  -52.4186
60701 2.13335  -52.4043
60801 2.15583  -52.4575
60901 2.15553  -52.4424
61001 2.18605  -52.4758
61101 2.17538  -52.4816
61201 2.17653  -52.5118
61301 2.17869  -52.5309
61401 2.19274  -52.5518
61501 2.15478  -52.4901
61601 2.18936  -52.5259
61701 2.17475  -52.4839
61801 2.17807  -52.493
61901 2.22256  -52.5652
62001 2.21625  -52.5788
62101 2.1937  -52.5967
62201 2.17899  -52.5787
62301 2.16367  -52.587
62401 2.15651  -52.5764
62501 2.1572  -52.5531
62601 2.17221  -52.6074
62701 2.15283  -52.6253
62801 2.15753  -52.647
62901 2.15687  -52.6831
63001 2.18367  -52.6744
63101 2.17469  -52.6859
63201 2.15301  -52.714
63301 2.15881  -52.7408
63401 2.15578  -52.7478
63501 2.15763  -52.6763
63601 2.20056  -52.7303
63701 2.16724  -52.7443
63801 2.18091  -52.7299
63901 2.18505  -52.7231
64001 2.16497  -52.6914
64101 2.1909  -52.7454
64201 2.26154  -52.7678
64301 2.22786  -52.7889
64401 2.20809  -52.7858
64501 2.18058  -52.7916
64601 2.22887  -52.7922
64701 2.22698  -52.8097
64801 2.21811  -52.803
64901 2.20452  -52.7883
65001 2.23034  -52.7989
65101 2.21911  -52.7793
65201 2.20067  -52.788
65301 2.19238  -52.7928
65401 2.2083  -52.822
65501 2.18334  -52.8428
65601 2.22336  -52.9156
65701 2.21323  -52.932
65801 2.20671  -52.9008
65901 2.24269  -52.9331
66001 2.25104  -52.9487
66101 2.22984  -52.9519
66201 2.25191  -52.9151
66301 2.26368  -52.9556
66401 2.28466  -52.939
66501 2.24369  -52.9519
66601 2.23584  -52.9518
66701 2.24732  -52.9181
66801 2.22919  -52.9194
66901 2.23581  -52.9545
67001 2.23836  -52.9733
67101 2.24182  -52.9745
67201 2.22948  -52.9839
67301 2.20193  -53.0157
67401 2.23053  -53.0437
67501 2.18762  -52.9924
67601 2.19927  -52.9795
67701 2.23081  -52.9881
67801 2.22782  -52.97
67901 2.2302  -52.9431
68001 2.21831  -52.9706
68101 2.20959  -53.0097
68201 2.19848  -53.0362
68301 2.21862  -53.0767
68401 2.17044  -53.0496
68501 2.2319  -53.0539
68601 2.24078  -53.0894
68701 2.22273  -53.1088
68801 2.22331  -53.1328
68901 2.20815  -53.1329
69001 2.18925  -53.126
69101 2.24317  -53.1905
69201 2.21091  -53.1883
69301 2.2218  -53.182
69401 2.20965  -53.1579
69501 2.19917  -53.1529
69601 2.21894  -53.208
69701 2.2272  -53.2412
69801 2.20524  -53.2558
69901 2.22147  -53.2265
70001 2.24176  -53.2136
70101 2.23565  -53.218
70201 2.24333  -53.246
70301 2.22089  -53.2295
70401 2.2134  -53.2252
70501 2.20228  -53.2248
70601 2.26371  -53.2023
70701 2.21501  -53.2289
70801 2.19117  -53.2635
70901 2.18506  -53.2143
71001 2.20016  -53.254
71101 2.22706  -53.2422
71201 2.22566  -53.2288
71301 2.23544  -53.2259
71401 2.21473  -53.2136
71501 2.21065  -53.2088
71601 2.20509  -53.2375
71701 2.19716  -53.2274
71801 2.20471  -53.2068
71901 2.23142  -53.1903
72001 2.22432  -53.2155
72101 2.21211  -53.2566
72201 2.20558  -53.2562
72301 2.24769  -53.272
72401 2.21597  -53.278
72501 2.23225  -53.2318
72601 2.21893  -53.24
72701 2.21968  -53.2305
72801 2.20476  -53.2423
72901 2.244  -53.2383
73001 2.23733  -53.2356
73101 2.24188  -53.294
73201 2.25442  -53.2901
73301 2.21615  -53.2874
73401 2.25268  -53.3099
73501 2.23342  -53.3042
73601 2.26035  -53.3263
73701 2.24206  -53.327
73801 2.24579  -53.3569
73901 2.21351  -53.327
74001 2.21694  -53.34
74101 2.21333  -53.3489
74201 2.26557  -53.3875
74301 2.2611  -53.3668
74401 2.25709  -53.3606
74501 2.24135  -53.3745
74601 2.23088  -53.328
74701 2.26879  -53.357
74801 2.28674  -53.3663
74901 2.24201  -53.3445
75001 2.25055  -53.3244
75101 2.23055  -53.3295
75201 2.26471  -53.3346
75301 2.21481  -53.3009
75401 2.23296  -53.3286
75501 2.26203  -53.3191
75601 2.25022  -53.3366
75701 2.20561  -53.3081
75801 2.23225  -53.3181
75901 2.25122  -53.314
76001 2.254  -53.3197
76101 2.26299  -53.3255
76201 2.26025  -53.3613
76301 2.24203  -53.3173
76401 2.20531  -53.3022
76501 2.26334  -53.3275
76601 2.24276  -53.3318
76701 2.24918  -53.3431
76801 2.28567  -53.3422
76901 2.28568  -53.3657
77001 2.28663  -53.3602
77101 2.2812  -53.3624
77201 2.28661  -53.3667
77301 2.27245  -53.3634
77401 2.25461  -53.3664
77501 2.28825  -53.3766
77601 2.29693  -53.4207
77701 2.29083  -53.4325
77801 2.30727  -53.4472
77901 2.26171  -53.3986
78001 2.27269  -53.4185
78101 2.31732  -53.4484
78201 2.32387  -53.4298
78301 2.32004  -53.4148
78401 2.2815  -53.4164
78501 2.30552  -53.4317
78601 2.29295  -53.4055
78701 2.331  -53.453
78801 2.28818  -53.4921
78901 2.30207  -53.4917
79001 2.33048  -53.486
79101 2.28596  -53.4925
79201 2.29055  -53.4958
79301 2.30585  -53.5269
79401 2.32265  -53.5449
79501 2.32655  -53.5519
79601 2.35001  -53.5791
79701 2.33889  -53.6052
79801 2.33007  -53.6385
79901 2.33831  -53.649
80001 2.36093  -53.6178
80101 2.34818  -53.588
80201 2.33345  -53.5996
80301 2.36281  -53.6259
80401 2.34001  -53.6539
80501 2.35026  -53.6696
80601 2.34784  -53.6479
80701 2.31113  -53.6287
80801 2.30755  -53.6398
80901 2.32694  -53.632
81001 2.3331  -53.6253
81101 2.32898  -53.6245
81201 2.36815  -53.6449
81301 2.32671  -53.6674
81401 2.37024  -53.655
81501 2.3721  -53.6491
81601 2.37166  -53.6783
81701 2.39613  -53.6277
81801 2.39911  -53.631
81901 2.35266  -53.6374
82001 2.3458  -53.6318
82101 2.35202  -53.6071
82201 2.35617  -53.6368
82301 2.35532  -53.6128
82401 2.34611  -53.5685
82501 2.31888  -53.5458
82601 2.34235  -53.5398
82701 2.33989  -53.5109
82801 2.32008  -53.5143
82901 2.34373  -53.5071
83001 2.34052  -53.5009
83101 2.36334  -53.4863
83201 2.33974  -53.5157
83301 2.31538  -53.5194
83401 2.33847  -53.5227
83501 2.32117  -53.5198
83601 2.32183  -53.5213
83701 2.32585  -53.5006
83801 2.34274  -53.4994
83901 2.35032  -53.4597
84001 2.32799  -53.4814
84101 2.31137  -53.5016
84201 2.31122  -53.4756
84301 2.32604  -53.5072
84401 2.31491  -53.5747
84501 2.34838  -53.6219
84601 2.33726  -53.6144
84701 2.33409  -53.5917
84801 2.31359  -53.6106
84901 2.30323  -53.61
85001 2.32802  -53.6396
85101 2.31476  -53.6122
85201 2.31772  -53.6354
85301 2.30122  -53.6334
85401 2.32802  -53.6534
85501 2.34233  -53.6372
85601 2.37389  -53.6498
85701 2.3765  -53.6343
85801 2.31392  -53.637
85901 2.32992  -53.6403
86001 2.34701  -53.6409
86101 2.32517  -53.6531
86201 2.30338  -53.6624
86301 2.35972  -53.6765
86401 2.33418  -53.6681
86501 2.36283  -53.6919
86601 2.38311  -53.7
86701 2.33963  -53.7134
86801 2.36024  -53.6881
86901 2.34305  -53.6744
87001 2.31555  -53.6581
87101 2.3418  -53.6599
87201 2.33171  -53.6516
87301 2.37166  -53.6983
87401 2.34872  -53.7027
87501 2.35648  -53.7379
87601 2.35806  -53.7645
87701 2.35635  -53.7473
87801 2.39237  -53.7635
87901 2.37381  -53.7322
88001 2.3479  -53.7712
88101 2.3482  -53.7595
88201 2.37305  -53.7949
88301 2.36154  -53.7697
88401 2.35843  -53.7804
88501 2.3455  -53.7913
88601 2.33796  -53.8123
88701 2.34144  -53.8203
88801 2.34878  -53.805
88901 2.36094  -53.8271
89001 2.35531  -53.8329
89101 2.35914  -53.8277
89201 2.3804  -53.7711
89301 2.32274  -53.7508
89401 2.35657  -53.7673
89501 2.35302  -53.7473
89601 2.36069  -53.7956
89701 2.31177  -53.7394
89801 2.37344  -53.8037
89901 2.39813  -53.7917
90001 2.34257  -53.7702
90101 2.34466  -53.8079
90201 2.33917  -53.8011
90301 2.36784  -53.7499
90401 2.37865  -53.7605
90501 2.35371  -53.7589
90601 2.38048  -53.7504
90701 2.33549  -53.7591
90801 2.3776  -53.7851
90901 2.37128  -53.8126
91001 2.35507  -53.8168
91101 2.34946  -53.7862
91201 2.31651  -53.743
91301 2.37509  -53.79
91401 2.36801  -53.7803
91501 2.40748  -53.7867
91601 2.37683  -53.8107
91701 2.38091  -53.7959
91801 2.36107  -53.7802
91901 2.35751  -53.7275
92001 2.3289  -53.7561
92101 2.33072  -53.7921
92201 2.31495  -53.8251
92301 2.35544  -53.8421
92401 2.36611  -53.8406
92501 2.38845  -53.8858
92601 2.36918  -53.8755
92701 2.36247  -53.8842
92801 2.35294  -53.8657
92901 2.32872  -53.858
93001 2.34782  -53.8316
93101 2.32546  -53.8499
93201 2.3247  -53.8329
93301 2.34599  -53.8245
93401 2.32335  -53.7888
93501 2.37828  -53.8101
93601 2.36701  -53.8022
93701 2.37696  -53.786
93801 2.3901  -53.7865
93901 2.38182  -53.7926
94001 2.33741  -53.7975
94101 2.3664  -53.8213
94201 2.37555  -53.843
94301 2.38343  -53.8223
94401 2.38199  -53.7894
94501 2.33186  -53.786
94601 2.35796  -53.7731
94701 2.35257  -53.7748
94801 2.39527  -53.8469
94901 2.37661  -53.8934
95001 2.37498  -53.9108
95101 2.39496  -53.8927
95201 2.37621  -53.9051
95301 2.3823  -53.8839
95401 2.37511  -53.9069
95501 2.3975  -53.8701
95601 2.37014  -53.8537
95701 2.37303  -53.8668
95801 2.40266  -53.9093
95901 2.39995  -53.9001
96001 2.39039  -53.9087
96101 2.38887  -53.9324
96201 2.40218  -53.8921
96301 2.37856  -53.9301
96401 2.37259  -53.9465
96501 2.34885  -53.9082
96601 2.37219  -53.9014
96701 2.37417  -53.935
96801 2.35331  -53.9198
96901 2.36468  -53.9072
97001 2.34411  -53.8829
97101 2.38229  -53.8896
97201 2.38051  -53.9013
97301 2.37012  -53.9015
97401 2.38954  -53.9087
97501 2.37588  -53.8957
97601 2.35171  -53.8949
97701 2.35257  -53.9044
97801 2.37377  -53.9301
97901 2.40482  -53.9209
98001 2.36282  -53.9085
98101 2.406  -53.9118
98201 2.35555  -53.9341
98301 2.35464  -53.945
98401 2.38765  -53.9547
98501 2.3612  -53.9319
98601 2.38858  -53.9666
98701 2.35955  -53.9658
98801 2.39662  -53.9864
98901 2.38845  -53.9636
99001 2.39818  -53.9943
99101 2.40409  -54.0045
99201 2.34369  -53.9876
99301 2.39784  -53.9761
99401 2.36629  -53.966
99501 2.3781  -53.9478
99601 2.36544  -53.9152
99701 2.40314  -53.952
99801 2.40509  -53.9867
99901 2.41641  -53.9833
100001 2.36688  -54.0166
100101 2.39884  -54.0592
100201 2.41939  -54.1008
100301 2.40933  -54.0733
100401 2.39969  -54.0581
100501 2.39322  -54.0481
100601 2.37925  -54.0429
100701 2.41205  -54.0699
100801 2.46936  -54.0909
100901 2.4406  -54.0979
101001 2.48701  -54.0798
101101 2.45323  -54.0738
101201 2.42291  -54.07
101301 2.42553  -54.0614
101401 2.40111  -54.0367
101501 2.39664  -54.048
101601 2.4048  -54.0671
101701 2.4138  -54.0481
101801 2.43202  -54.0426
101901 2.47156  -54.0598
102001 2.41741  -54.0787
102101 2.41106  -54.0813
102201 2.40614  -54.0828
102301 2.3706  -54.0603
102401 2.43703  -54.0881
102501 2.40824  -54.1127
102601 2.47785  -54.1249
102701 2.47417  -54.1291
102801 2.49677  -54.153
102901 2.45761  -54.1393
103001 2.5117  -54.1331
103101 2.47898  -54.1017
103201 2.44498  -54.0517
103301 2.48907  -54.0782
103401 2.47839  -54.1032
103501 2.43562  -54.0738
103601 2.4478  -54.0757
103701 2.46266  -54.1029
103801 2.45367  -54.1104
103901 2.46021  -54.1378
104001 2.49863  -54.1519
104101 2.45687  -54.1504
104201 2.43518  -54.1676
104301 2.47836  -54.1617
104401 2.4667  -54.1458
104501 2.45158  -54.1131
104601 2.46465  -54.1436
104701 2.44459  -54.1678
104801 2.41466  -54.1697
104901 2.41784  -54.144
105001 2.41454  -54.1626
105101 2.40642  -54.1591
105201 2.40914  -54.1555
105301 2.42489  -54.164
105401 2.38457  -54.1632
105501 2.41205  -54.2204
105601 2.40493  -54.2079
105701 2.40687  -54.2317
105801 2.42205  -54.2239
105901 2.43683  -54.2131
106001 2.40639  -54.1889
106101 2.38564  -54.1438
106201 2.41544  -54.1628
106301 2.4255  -54.2154
106401 2.43189  -54.2071
106501 2.42846  -54.2021
106601 2.44775  -54.1879
106701 2.49176  -54.174
106801 2.46685  -54.1887
106901 2.45892  -54.2231
107001 2.44436  -54.2708
107101 2.44811  -54.2135
107201 2.45959  -54.2117
107301 2.49459  -54.2325
107401 2.46644  -54.265
107501 2.43629  -54.2645
107601 2.49035  -54.2628
107701 2.5169  -54.2703
107801 2.48527  -54.2683
107901 2.47233  -54.2699
108001 2.48265  -54.2365
108101 2.4849  -54.1966
108201 2.48362  -54.1851
108301 2.45847  -54.1833
108401 2.4614  -54.1869
108501 2.47794  -54.1539
108601 2.47603  -54.1237
108701 2.4963  -54.1308
108801 2.4505  -54.1131
108901 2.44096  -54.1148
109001 2.45684  -54.1264
109101 2.46223  -54.1414
109201 2.51476  -54.1221
109301 2.50609  -54.0907
109401 2.50836  -54.1162
109501 2.41998  -54.1493
109601 2.42792  -54.1643
109701 2.47692  -54.1521
109801 2.45397  -54.1897
109901 2.44967  -54.1867
110001 2.44385  -54.198
110101 2.45361  -54.203
110201 2.45373  -54.1859
110301 2.50711  -54.2173
110401 2.50652  -54.2031
110501 2.47398  -54.2067
110601 2.50841  -54.2792
110701 2.50463  -54.2626
110801 2.4962  -54.2208
110901 2.48881  -54.186
111001 2.48048  -54.1682
111101 2.45094  -54.1289
111201 2.50677  -54.1476
111301 2.51509  -54.1565
111401 2.52311  -54.1743
111501 2.43102  -54.1735
111601 2.47203  -54.1758
111701 2.49811  -54.2198
111801 2.50531  -54.204
111901 2.52766  -54.2214
112001 2.52101  -54.1843
112101 2.53772  -54.1884
112201 2.50033  -54.2062
112301 2.49739  -54.2167
112401 2.51413  -54.2661
112501 2.51506  -54.2917
112601 2.5356  -54.3167
112701 2.52108  -54.2998
112801 2.48959  -54.2962
112901 2.5434  -54.3242
113001 2.54433  -54.2794
113101 2.47216  -54.2453
113201 2.54114  -54.3224
113301 2.51946  -54.3174
113401 2.53012  -54.3363
113501 2.5428  -54.3456
113601 2.48188  -54.3306
113701 2.5301  -54.3224
113801 2.53387  -54.301
113901 2.49049  -54.2748
114001 2.52326  -54.2922
114101 2.52034  -54.2969
114201 2.56722  -54.3141
114301 2.55939  -54.3316
114401 2.54001  -54.3094
114501 2.52908  -54.3029
114601 2.52819  -54.3149
114701 2.54736  -54.3335
114801 2.5852  -54.3033
114901 2.57938  -54.2897
115001 2.52099  -54.3105
115101 2.52498  -54.2918
115201 2.53653  -54.2988
115301 2.53627  -54.317
115401 2.52153  -54.3194
115501 2.52048  -54.3368
115601 2.54003  -54.3759
115701 2.54029  -54.3771
115801 2.55302  -54.382
115901 2.55031  -54.3848
116001 2.49817  -54.3124
116101 2.50488  -54.2906
116201 2.5069  -54.2746
116301 2.52408  -54.2863
116401 2.51081  -54.2916
116501 2.51359  -54.2996
116601 2.50282  -54.2773
116701 2.5194  -54.2958
116801 2.49474  -54.2782
116901 2.5239  -54.284
117001 2.47411  -54.2724
117101 2.49356  -54.2399
117201 2.47376  -54.2189
117301 2.4779  -54.2745
117401 2.47453  -54.2893
117501 2.41961  -54.2599
117601 2.49607  -54.2737
117701 2.50165  -54.3023
117801 2.49539  -54.2967
117901 2.45109  -54.3185
118001 2.51583  -54.3111
118101 2.50713  -54.3092
118201 2.47498  -54.2977
118301 2.46055  -54.314
118401 2.47065  -54.274
118501 2.49955  -54.2644
118601 2.52958  -54.2732
118701 2.50988  -54.2868
118801 2.48472  -54.3327
118901 2.50561  -54.3561
119001 2.50693  -54.3449
119101 2.47694  -54.3566
119201 2.44997  -54.3474
119301 2.4865  -54.3676
119401 2.51073  -54.382
119501 2.51353  -54.4014
119601 2.50265  -54.3724
119701 2.51963  -54.3789
119801 2.49109  -54.3287
119901 2.54338  -54.3213
120001 2.51846  -54.3816
120101 2.54812  -54.3758
120201 2.49889  -54.3792
120301 2.44056  -54.3719
120401 2.47935  -54.3996
120501 2.50726  -54.4042
120601 2.46957  -54.3999
120701 2.51134  -54.415
120801 2.51112  -54.3917
120901 2.45592  -54.3497
121001 2.46885  -54.3368
121101 2.50142  -54.3324
121201 2.50184  -54.3991
121301 2.50094  -54.4352
121401 2.49472  -54.383
121501 2.52652  -54.4099
121601 2.50197  -54.4117
121701 2.47778  -54.4023
121801 2.5032  -54.3907
121901 2.47561  -54.3932
122001 2.48965  -54.3744
122101 2.51133  -54.4049
122201 2.47632  -54.4018
122301 2.5376  -54.4053
122401 2.51288  -54.339
122501 2.53296  -54.3486
122601 2.54963  -54.3667
122701 2.53552  -54.3622
122801 2.54768  -54.3354
122901 2.50507  -54.3487
123001 2.51551  -54.3369
123101 2.53216  -54.3435
123201 2.5396  -54.3509
123301 2.51183  -54.3447
123401 2.48241  -54.3167
123501 2.50448  -54.3026
123601 2.51187  -54.301
123701 2.53465  -54.2881
123801 2.47942  -54.3395
123901 2.51784  -54.3633
124001 2.54486  -54.3455
124101 2.53106  -54.3406
124201 2.47571  -54.2938
124301 2.52998  -54.2834
124401 2.50563  -54.3235
124501 2.51508  -54.3499
124601 2.48732  -54.3389
124701 2.52733  -54.3494
124801 2.52123  -54.3614
124901 2.53038  -54.3578
125001 2.53744  -54.3384
125101 2.55335  -54.339
125201 2.52967  -54.3451
125301 2.568  -54.3417
125401 2.52881  -54.3675
125501 2.55655  -54.3504
125601 2.56065  -54.3757
125701 2.5685  -54.3499
125801 2.53444  -54.3639
125901 2.52535  -54.3153
126001 2.54667  -54.3212
126101 2.51658  -54.3508
126201 2.52915  -54.3439
126301 2.52005  -54.3345
126401 2.49041  -54.381
126501 2.5235  -54.4154
126601 2.51627  -54.4099
126701 2.52531  -54.4086
126801 2.53478  -54.3823
126901 2.54858  -54.4256
127001 2.54885  -54.3918
127101 2.50979  -54.4316
127201 2.46923  -54.4012
127301 2.54237  -54.4153
127401 2.51142  -54.4223
127501 2.48897  -54.4158
127601 2.53259  -54.4452
127701 2.49724  -54.4172
127801 2.475  -54.3981
127901 2.51375  -54.4142
128001 2.53665  -54.4123
128101 2.5342  -54.4258
128201 2.5288  -54.4107
128301 2.54328  -54.4012
128401 2.54933  -54.3346
128501 2.5524  -54.3145
128601 2.55737  -54.3673
128701 2.54178  -54.364
128801 2.51927  -54.392
128901 2.51569  -54.4031
129001 2.51019  -54.4047
129101 2.47012  -54.3544
129201 2.48859  -54.3633
129301 2.51792  -54.3545
129401 2.49464  -54.3443
129501 2.49891  -54.3117
129601 2.45734  -54.2612
129701 2.45643  -54.2443
129801 2.50644  -54.2427
129901 2.49366  -54.2768
130001 2.49384  -54.2883
130101 2.47768  -54.3438
130201 2.50582  -54.3355
130301 2.49456  -54.3308
130401 2.47252  -54.3337
130501 2.50572  -54.35
130601 2.4693  -54.3834
130701 2.49645  -54.3896
130801 2.45104  -54.385
130901 2.48326  -54.3955
131001 2.4833  -54.4026
131101 2.46625  -54.3677
131201 2.44496  -54.3637
131301 2.50039  -54.3632
131401 2.51338  -54.4
131501 2.49386  -54.4216
131601 2.53029  -54.3903
131701 2.49244  -54.3965
131801 2.50922  -54.4013
131901 2.50194  -54.3899
132001 2.48291  -54.3677
132101 2.4788  -54.3907
132201 2.49052  -54.3727
132301 2.53048  -54.451
132401 2.46924  -54.4391
132501 2.53536  -54.4858
132601 2.50516  -54.4915
132701 2.53247  -54.4998
132801 2.53774  -54.4789
132901 2.5415  -54.4755
133001 2.52883  -54.5026
133101 2.49184  -54.4763
133201 2.52368  -54.4811
133301 2.5453  -54.515
133401 2.51378  -54.4919
133501 2.52995  -54.4996
133601 2.51623  -54.4872
133701 2.54867  -54.4628
133801 2.54996  -54.4676
133901 2.50385  -54.4768
134001 2.54975  -54.5197
134101 2.52457  -54.5029
134201 2.52099  -54.5251
134301 2.53348  -54.5333
134401 2.5692  -54.5501
134501 2.56176  -54.5562
134601 2.55394  -54.514
134701 2.56826  -54.5253
134801 2.52553  -54.5217
134901 2.52349  -54.526
135001 2.56557  -54.5191
135101 2.5508  -54.5254
135201 2.5399  -54.5124
135301 2.56902  -54.5241
135401 2.58039  -54.536
135501 2.54474  -54.5228
135601 2.54121  -54.5254
135701 2.56479  -54.5096
135801 2.56519  -54.4981
135901 2.55107  -54.4937
136001 2.58253  -54.4926
136101 2.59049  -54.5135
136201 2.53964  -54.4796
136301 2.58016  -54.4795
136401 2.59059  -54.4582
136501 2.56058  -54.5234
136601 2.52576  -54.5258
136701 2.53886  -54.5221
136801 2.58998  -54.4928
136901 2.55391  -54.5226
137001 2.56237  -54.5342
137101 2.53045  -54.5539
137201 2.54684  -54.5641
137301 2.57238  -54.5733
137401 2.56973  -54.566
137501 2.55866  -54.5792
137601 2.5442  -54.5881
137701 2.53533  -54.5835
137801 2.55276  -54.6258
137901 2.54857  -54.6246
138001 2.56337  -54.599
138101 2.56832  -54.6244
138201 2.51386  -54.6261
138301 2.54493  -54.6395
138401 2.51591  -54.6241
138501 2.52511  -54.5953
138601 2.54649  -54.5887
138701 2.54607  -54.5523
138801 2.55939  -54.5565
138901 2.52799  -54.5172
139001 2.49942  -54.519
139101 2.48965  -54.5918
139201 2.51269  -54.5821
139301 2.50493  -54.5859
139401 2.49069  -54.569
139501 2.49749  -54.6037
139601 2.53101  -54.5875
139701 2.4976  -54.5687
139801 2.52079  -54.575
139901 2.52584  -54.603
140001 2.49147  -54.5972
140101 2.48971  -54.5599
140201 2.534  -54.5823
140301 2.50007  -54.5966
140401 2.48764  -54.583
140501 2.46933  -54.5621
140601 2.49634  -54.5367
140701 2.49781  -54.5297
140801 2.47362  -54.5711
140901 2.50025  -54.5927
141001 2.50347  -54.614
141101 2.51846  -54.6597
141201 2.52921  -54.6618
141301 2.51549  -54.6319
141401 2.52172  -54.5831
141501 2.53431  -54.5865
141601 2.51165  -54.5912
141701 2.53037  -54.5762
141801 2.50952  -54.5901
141901 2.48981  -54.5748
142001 2.49055  -54.5926
142101 2.47387  -54.5716
142201 2.48057  -54.606
142301 2.50317  -54.5974
142401 2.52201  -54.6186
142501 2.47819  -54.6168
142601 2.46262  -54.5722
142701 2.49168  -54.5506
142801 2.51984  -54.5478
142901 2.50644  -54.5552
143001 2.4857  -54.5296
143101 2.46938  -54.5168
143201 2.45052  -54.5271
143301 2.46845  -54.5458
143401 2.53532  -54.5518
143501 2.56236  -54.5224
143601 2.49573  -54.5043
143701 2.4824  -54.4972
143801 2.46023  -54.4678
143901 2.4801  -54.4691
144001 2.51881  -54.4862
144101 2.51585  -54.4517
144201 2.5097  -54.4063
144301 2.48806  -54.4096
144401 2.48188  -54.407
144501 2.48496  -54.4222
144601 2.48017  -54.4511
144701 2.4673  -54.4603
144801 2.51932  -54.5217
144901 2.4861  -54.5044
145001 2.49722  -54.5262
145101 2.47538  -54.4932
145201 2.46353  -54.5175
145301 2.4564  -54.5169
145401 2.4445  -54.5423
145501 2.48317  -54.5603
145601 2.50596  -54.5778
145701 2.50162  -54.581
145801 2.52785  -54.6082
145901 2.47905  -54.605
146001 2.47537  -54.6357
146101 2.48716  -54.6393
146201 2.48744  -54.6308
146301 2.48095  -54.6526
146401 2.4778  -54.6533
146501 2.50114  -54.6734
146601 2.4919  -54.6692
146701 2.48949  -54.6612
146801 2.5405  -54.6614
146901 2.49482  -54.5977
147001 2.52003  -54.6018
147101 2.51776  -54.5817
147201 2.494  -54.5876
147301 2.52402  -54.6035
147401 2.48833  -54.6241
147501 2.52195  -54.6041
147601 2.53774  -54.6319
147701 2.49669  -54.6128
147801 2.54557  -54.62
147901 2.48513  -54.6436
148001 2.52004  -54.6409
148101 2.51009  -54.6529
148201 2.53015  -54.6369
148301 2.55997  -54.6327
148401 2.51351  -54.6262
148501 2.56835  -54.6167
148601 2.54115  -54.6007
148701 2.52506  -54.5984
148801 2.49053  -54.5868
148901 2.54436  -54.5916
149001 2.55466  -54.5751
149101 2.55216  -54.6019
149201 2.51904  -54.593
149301 2.48373  -54.5931
149401 2.53777  -54.6244
149501 2.49804  -54.6241
149601 2.52958  -54.63
149701 2.54323  -54.6346
149801 2.51571  -54.6029
149901 2.51148  -54.5889
150001 2.50452  -54.5836
150101 2.52792  -54.5909
150201 2.54058  -54.5521
150301 2.51092  -54.5895
150401 2.4881  -54.5724
150501 2.55796  -54.5765
150601 2.52833  -54.578
150701 2.53228  -54.5788
150801 2.51163  -54.5654
150901 2.51455  -54.5795
151001 2.5401  -54.6099
151101 2.55739  -54.6456
151201 2.57619  -54.6316
151301 2.55674  -54.6179
151401 2.48805  -54.5843
151501 2.48046  -54.6226
151601 2.52861  -54.6662
151701 2.55699  -54.6632
151801 2.50888  -54.6252
151901 2.50502  -54.6563
152001 2.48014  -54.6582
152101 2.49375  -54.6785
152201 2.52502  -54.7182
152301 2.52396  -54.7292
152401 2.48386  -54.673
152501 2.49114  -54.6525
152601 2.50761  -54.6372
152701 2.48605  -54.6256
152801 2.51261  -54.6031
152901 2.4741  -54.6055
153001 2.52039  -54.6337
153101 2.50529  -54.644
153201 2.52416  -54.6072
153301 2.5039  -54.607
153401 2.46895  -54.6587
153501 2.45767  -54.6682
153601 2.50066  -54.6718
153701 2.48246  -54.6496
153801 2.48628  -54.6298
153901 2.49945  -54.6274
154001 2.5064  -54.6295
154101 2.52686  -54.6027
154201 2.53142  -54.6323
154301 2.49946  -54.6287
154401 2.50615  -54.668
154501 2.49784  -54.6516
154601 2.52081  -54.6745
154701 2.49355  -54.6648
154801 2.51155  -54.6241
154901 2.49724  -54.6335
155001 2.50485  -54.6654
155101 2.54416  -54.6578
155201 2.53997  -54.6124
155301 2.50518  -54.6089
155401 2.50667  -54.608
155501 2.51576  -54.6567
155601 2.53008  -54.6571
155701 2.4944  -54.6575
155801 2.52403  -54.6559
155901 2.50085  -54.6333
156001 2.49724  -54.6484
156101 2.51102  -54.6533
156201 2.48786  -54.6172
156301 2.46718  -54.5759
156401 2.45074  -54.5579
156501 2.49464  -54.588
156601 2.50469  -54.5369
156701 2.53346  -54.5613
156801 2.50555  -54.5665
156901 2.48752  -54.5626
157001 2.49507  -54.5957
157101 2.49699  -54.6226
157201 2.52208  -54.6096
157301 2.46945  -54.5776
157401 2.52594  -54.5872
157501 2.45917  -54.6015
157601 2.51495  -54.6551
157701 2.49196  -54.6452
157801 2.46149  -54.6076
157901 2.51968  -54.6418
158001 2.48023  -54.6579
158101 2.49832  -54.6221
158201 2.50947  -54.6585
158301 2.50852  -54.658
158401 2.44342  -54.6254
158501 2.49284  -54.6192
158601 2.53306  -54.6007
158701 2.47224  -54.597
158801 2.5013  -54.5844
158901 2.49785  -54.5774
159001 2.46836  -54.5855
159101 2.51458  -54.6117
159201 2.50374  -54.6185
159301 2.53116  -54.6217
159401 2.49421  -54.6333
159501 2.48234  -54.625
159601 2.4956  -54.6458
159701 2.51798  -54.689
159801 2.53447  -54.6893
159901 2.52939  -54.6887
160001 2.49977  -54.6969
160101 2.52425  -54.6598
160201 2.51031  -54.6336
160301 2.49429  -54.6443
160401 2.50801  -54.6628
160501 2.48475  -54.6476
160601 2.51931  -54.6537
160701 2.52158  -54.671
160801 2.52659  -54.6816
160901 2.49087  -54.688
161001 2.52377  -54.7057
161101 2.52171  -54.7018
161201 2.52824  -54.7139
161301 2.46731  -54.7143
161401 2.50687  -54.7002
161501 2.48028  -54.6767
161601 2.53747  -54.6984
161701 2.52006  -54.6787
161801 2.50372  -54.6901
161901 2.52411  -54.7373
162001 2.53306  -54.7458
162101 2.5066  -54.7341
162201 2.5369  -54.7384
162301 2.52575  -54.7774
162401 2.57016  -54.7589
162501 2.51225  -54.7167
162601 2.54282  -54.7305
162701 2.57014  -54.753
162801 2.56741  -54.7564
162901 2.55477  -54.7445
163001 2.53448  -54.7586
163101 2.51811  -54.7964
163201 2.54504  -54.7883
163301 2.57206  -54.7645
163401 2.56232  -54.7274
163501 2.56251  -54.7084
163601 2.52379  -54.7098
163701 2.53738  -54.6937
163801 2.5364  -54.674
163901 2.53909  -54.6978
164001 2.52716  -54.7101
164101 2.52023  -54.6528
164201 2.5189  -54.6703
164301 2.51762  -54.6305
164401 2.53786  -54.6672
164501 2.5351  -54.6623
164601 2.56493  -54.6653
164701 2.49209  -54.6488
164801 2.5108  -54.6492
164901 2.52975  -54.6772
165001 2.55304  -54.6913
165101 2.54217  -54.6782
165201 2.50461  -54.6515
165301 2.48329  -54.6324
165401 2.5311  -54.6279
165501 2.51647  -54.5944
165601 2.54869  -54.6043
165701 2.56019  -54.6106
165801 2.60618  -54.6238
165901 2.54834  -54.6222
166001 2.5509  -54.6199
166101 2.57434  -54.6424
166201 2.54862  -54.6532
166301 2.54668  -54.6771
166401 2.54164  -54.676
166501 2.52304  -54.6624
166601 2.53431  -54.6641
166701 2.56794  -54.7008
166801 2.5482  -54.6884
166901 2.55328  -54.7148
167001 2.49654  -54.6844
167101 2.50192  -54.676
167201 2.55115  -54.7331
167301 2.52894  -54.7566
167401 2.51834  -54.7665
167501 2.52994  -54.7442
167601 2.53181  -54.7093
167701 2.53617  -54.6925
167801 2.52049  -54.702
167901 2.5263  -54.6919
168001 2.52582  -54.7213
168101 2.52917  -54.7188
168201 2.56676  -54.6925
168301 2.54369  -54.6776
168401 2.54261  -54.7406
168501 2.54851  -54.7272
168601 2.51953  -54.6951
168701 2.50995  -54.682
168801 2.52685  -54.6895
168901 2.52801  -54.6638
169001 2.55378  -54.6828
169101 2.52615  -54.7268
169201 2.50136  -54.7337
169301 2.51207  -54.7335
169401 2.49374  -54.7861
169501 2.53243  -54.8028
169601 2.50698  -54.8107
169701 2.47719  -54.8266
169801 2.54413  -54.8407
169901 2.5077  -54.8139
170001 2.4913  -54.7719
170101 2.47449  -54.7889
170201 2.52448  -54.8009
170301 2.532  -54.7934
170401 2.51927  -54.7807
170501 2.53449  -54.8079
170601 2.52832  -54.822
170701 2.55388  -54.8142
170801 2.51832  -54.85
170901 2.5273  -54.8324
171001 2.55049  -54.829
171101 2.53081  -54.8082
171201 2.54189  -54.8362
171301 2.53578  -54.8477
171401 2.55637  -54.8779
171501 2.55169  -54.8772
171601 2.54376  -54.8802
171701 2.56172  -54.8875
171801 2.57752  -54.8772
171901 2.56082  -54.8636
172001 2.55473  -54.8553
172101 2.55871  -54.836
172201 2.56881  -54.8346
172301 2.53078  -54.8592
172401 2.55229  -54.8257
172501 2.54901  -54.843
172601 2.58242  -54.8897
172701 2.56718  -54.8896
172801 2.55296  -54.8724
172901 2.56294  -54.8625
173001 2.54957  -54.8292
173101 2.57137  -54.8495
173201 2.62023  -54.8817
173301 2.59277  -54.8531
173401 2.57798  -54.8672
173501 2.60802  -54.8412
173601 2.5853  -54.8254
173701 2.56922  -54.7906
173801 2.57763  -54.8037
173901 2.56801  -54.8214
174001 2.56519  -54.8426
174101 2.57745  -54.8289
174201 2.53636  -54.8013
174301 2.52818  -54.761
174401 2.57919  -54.8118
174501 2.53249  -54.7803
174601 2.5839  -54.7822
174701 2.56433  -54.8326
174801 2.57956  -54.8268
174901 2.5797  -54.7912
175001 2.56445  -54.7759
175101 2.58078  -54.7688
175201 2.51754  -54.7662
175301 2.52407  -54.7715
175401 2.5728  -54.7999
175501 2.52622  -54.7962
175601 2.52099  -54.8097
175701 2.52789  -54.8262
175801 2.53379  -54.8357
175901 2.52413  -54.8117
176001 2.57006  -54.8087
176101 2.58293  -54.8134
176201 2.5273  -54.7689
176301 2.52548  -54.7609
176401 2.51241  -54.735
176501 2.51963  -54.7234
176601 2.5049  -54.7033
176701 2.55962  -54.7442
176801 2.54779  -54.7611
176901 2.54375  -54.7717
177001 2.55461  -54.7455
177101 2.54738  -54.7346
177201 2.53642  -54.7536
177301 2.57034  -54.7697
177401 2.54425  -54.7781
177501 2.54127  -54.7553
177601 2.48727  -54.7507
177701 2.54345  -54.745
177801 2.53598  -54.7793
177901 2.52854  -54.7795
178001 2.53665  -54.7623
178101 2.53696  -54.7626
178201 2.52692  -54.7583
178301 2.49735  -54.7534
178401 2.49217  -54.7343
178501 2.50118  -54.713
178601 2.51987  -54.7125
178701 2.56233  -54.7259
178801 2.53476  -54.7268
178901 2.49567  -54.689
179001 2.56272  -54.7212
179101 2.56754  -54.7163
179201 2.51538  -54.6796
179301 2.51359  -54.7285
179401 2.50368  -54.7258
179501 2.53217  -54.7192
179601 2.54806  -54.7235
179701 2.51064  -54.7063
179801 2.53933  -54.7399
179901 2.56379  -54.7525
180001 2.51541  -54.7398
180101 2.54824  -54.7649
180201 2.57386  -54.7915
180301 2.5697  -54.7973
180401 2.51974  -54.7966
180501 2.53953  -54.7901
180601 2.54431  -54.8139
180701 2.54645  -54.8311
180801 2.47389  -54.7895
180901 2.49249  -54.7966
181001 2.5227  -54.8104
181101 2.52538  -54.8106
181201 2.53278  -54.8291
181301 2.53234  -54.8093
181401 2.57784  -54.8335
181501 2.54569  -54.8238
181601 2.51062  -54.8355
181701 2.57245  -54.8175
181801 2.54421  -54.7976
181901 2.55281  -54.8523
182001 2.57987  -54.8435
182101 2.56626  -54.8471
182201 2.59161  -54.8969
182301 2.57627  -54.8992
182401 2.59165  -54.8261
182501 2.54392  -54.813
182601 2.55467  -54.8026
182701 2.53251  -54.7623
182801 2.54345  -54.7677
182901 2.54632  -54.8074
183001 2.53025  -54.8234
183101 2.5685  -54.8202
183201 2.53996  -54.8089
183301 2.51137  -54.7932
183401 2.54005  -54.8331
183501 2.55342  -54.8272
183601 2.54731  -54.8094
183701 2.56267  -54.8039
183801 2.49004  -54.7752
183901 2.55822  -54.7725
184001 2.5566  -54.7884
184101 2.56171  -54.8242
184201 2.55912  -54.8309
184301 2.58265  -54.8455
184401 2.56477  -54.814
184501 2.56298  -54.7968
184601 2.55065  -54.8547
184701 2.54945  -54.8496
184801 2.50484  -54.7984
184901 2.51914  -54.7924
185001 2.50643  -54.8094
185101 2.51618  -54.8284
185201 2.5323  -54.7668
185301 2.55465  -54.8011
185401 2.54098  -54.8114
185501 2.54377  -54.8124
185601 2.52836  -54.83
185701 2.55803  -54.8378
185801 2.54515  -54.8283
185901 2.5148  -54.8249
186001 2.55976  -54.8482
186101 2.52729  -54.8266
186201 2.55799  -54.8491
186301 2.54485  -54.8693
186401 2.57391  -54.8972
186501 2.56928  -54.8933
186601 2.5461  -54.8931
186701 2.53774  -54.9025
186801 2.57249  -54.9522
186901 2.55763  -54.9907
187001 2.54916  -54.9972
187101 2.54242  -54.9478
187201 2.55749  -54.9468
187301 2.55485  -54.9233
187401 2.55745  -54.9272
187501 2.53885  -54.9395
187601 2.54935  -54.9257
187701 2.55826  -54.9381
187801 2.56005  -54.9166
187901 2.56831  -54.8935
188001 2.56022  -54.9055
188101 2.57757  -54.9078
188201 2.56247  -54.916
188301 2.57903  -54.8994
188401 2.54023  -54.9037
188501 2.54697  -54.9098
188601 2.52709  -54.8986
188701 2.5402  -54.8791
188801 2.58031  -54.8982
188901 2.58599  -54.9542
189001 2.54747  -54.955
189101 2.5437  -54.9724
189201 2.56317  -54.9784
189301 2.55482  -54.9949
189401 2.55799  -54.961
189501 2.53581  -54.9603
189601 2.58436  -54.9853
189701 2.59423  -54.976
189801 2.55922  -54.9625
189901 2.59868  -54.9942
190001 2.57129  -54.9745
190101 2.57131  -54.9784
190201 2.51939  -54.9727
190301 2.55685  -54.9637
190401 2.54326  -54.9239
190501 2.59387  -54.9276
190601 2.54395  -54.8841
190701 2.58791  -54.8665
190801 2.57393  -54.9016
190901 2.58744  -54.9056
191001 2.58383  -54.9442
191101 2.5993  -54.9702
191201 2.59503  -54.9869
191301 2.5771  -54.9629
191401 2.58926  -54.9432
191501 2.57518  -54.9441
191601 2.58931  -54.9787
191701 2.55976  -54.9779
191801 2.54625  -54.9642
191901 2.57292  -54.938
192001 2.5856  -54.9517
192101 2.55746  -54.9744
192201 2.5359  -54.9959
192301 2.57024  -54.9926
192401 2.55726  -54.9988
192501 2.61811  -55.0162
192601 2.58244  -55.0068
192701 2.54678  -54.9769
192801 2.53238  -54.9779
192901 2.54699  -55.0058
193001 2.5582  -55.0033
193101 2.57065  -54.9953
193201 2.58976  -54.9992
193301 2.57467  -54.9681
193401 2.60345  -54.9222
193501 2.55566  -54.9204
193601 2.6076  -54.9186
193701 2.52708  -54.893
193801 2.52612  -54.87
193901 2.56143  -54.8837
194001 2.55839  -54.8819
194101 2.5697  -54.8964
194201 2.56092  -54.9106
194301 2.5396  -54.9222
194401 2.5487  -54.9468
194501 2.56076  -54.9482
194601 2.50675  -54.9401
194701 2.51502  -54.9349
194801 2.53027  -54.9309
194901 2.53703  -54.923
195001 2.55533  -54.9101
195101 2.5292  -54.924
195201 2.52819  -54.9289
195301 2.52651  -54.9405
195401 2.5495  -54.9861
195501 2.52581  -54.9917
195601 2.53596  -54.9677
195701 2.54686  -54.9871
195801 2.50772  -54.9734
195901 2.5633  -55.0041
196001 2.53224  -54.9931
196101 2.57436  -54.9697
196201 2.51066  -54.9548
196301 2.52859  -54.988
196401 2.54763  -55.0076
196501 2.56694  -55.022
196601 2.588  -55.0115
196701 2.59785  -54.9952
196801 2.59566  -54.9969
196901 2.57998  -55.0176
197001 2.53354  -54.9962
197101 2.58861  -55.0055
197201 2.56387  -55.0483
197301 2.60225  -55.0398
197401 2.62106  -55.0711
197501 2.58871  -55.0544
197601 2.55531  -55.018
197701 2.59197  -55.0677
197801 2.54849  -55.0601
197901 2.57777  -54.9997
198001 2.53415  -54.987
198101 2.54171  -54.9741
198201 2.54437  -54.9726
198301 2.58452  -54.9648
198401 2.55513  -54.9941
198501 2.53924  -55.0103
198601 2.59595  -54.9856
198701 2.60163  -54.9837
198801 2.63186  -54.9814
198901 2.57464  -54.9825
199001 2.57574  -54.9787
199101 2.57629  -54.9525
199201 2.58414  -54.919
199301 2.62867  -54.9061
199401 2.55217  -54.887
199501 2.59055  -54.9478
199601 2.58065  -54.9825
199701 2.57159  -55.0009
199801 2.57828  -54.9714
199901 2.60248  -54.987
